3840
783
868
2348
1962
3867
2487
1192
918
2170
1651
3975
1635
1275
2108
813
1328
783
493
3094
2465
1948
3585
3842
1056
2773
3988
1360
3011
2409
614
1422
3853
2715
2656
3600
1335
2835
3098
2687
527
3859
3836
2196
161
364
2148
1957
2422
2961
2759
799
1275
204
763
502
899
433
2868
1368
2095
368
557
2856
845
1198
3850
2378
3967
2038
1564
3546
2974
1963
2917
674
3230
2658
989
1899
1363
2574
723
2484
2165
2332
3831
3585
416
3168
1144
1461
3486
2799
2442
3460
745
495
2314
514
3020
2188
2565
3296
10
3724
598
2648
2849
1093
2478
2215
1616
493
3193
218
183
146
2303
748
3901
2444
3848
431
1464
3056
2403
2089
2248
2086
264
2785
2661
669
1981
3418
3547
61
2006
3999
2035
669
737
2271
1268
3574
1793
1948
2153
3992
3960
1598
3652
2172
1899
3245
2851
3321
3009
2623
1907
667
1036
303
1907
2161
427
3951
2426
1413
3087
479
187
754
1852
1694
871
1585
338
3488
2516
884
3021
3840
1053
247
2570
1976
553
3380
2636
1200
1969
150
3389
3891
316
176
2328
1192
3182
366
3207
3551
2177
2316
2952
1898
1905
582
694
366
1951
368
2277
3130
2254
2247
2253
3640
3250
3079
2859
2209
3914
895
3365
3478
1227
1826
1004
1228
3743
1023
551
2248
1261
2387
3597
555
3547
765
915
3215
3986
3123
2183
3219
33
499
3228
3124
164
1404
2760
1373
3078
1246
426
3167
3589
2287
1583
3172
501
2400
3958
1313
936
2063
1619
3595
2828
318
1106
3307
3925
3588
2237
1812
1629
3779
3359
1492
137
634
3689
1130
1262
3995
3156
2167
596
3103
2697
2392
2777
2265
1086
1363
3545
809
354
271
2317
2642
795
2089
3153
109
2669
3940
1675
543
2397
3681
2248
3881
1431
2480
1961
383
2957
3398
287
2651
1409
2511
50
2066
3781
3653
3976
3687
2337
3329
1668
3583
1557
1650
2829
3093
448
2124
498
1999
1984
35
426
3857
3578
3448
832
2864
1884
883
2478
1833
1057
2482
265
467
1173
384
894
2290
1145
1769
3772
1742
1162
1485
2962
3780
1277
3444
890
3035
1806
1537
3606
2106
153
778
2457
1879
3880
2054
1066
2227
3247
744
2757
2884
3348
1323
3042
115
2322
3151
3674
1864
192
963
2567
2242
366
1699
267
1291
1744
580
3572
1772
3454
3309
350
317
3706
2985
2490
703
787
3994
558
877
2442
1488
476
3184
916
58
2120
3443
352
1628
3508
151
889
2785
2510
552
493
2195
652
1295
3279
2602
951
744
2010
2689
1734
2199
3991
2255
396
759
3713
692
565
3891
3943
3794
13
3193
2770
1663
1889
11
295
2552
3658
888
175
823
3719
3019
1397
776
1162
482
2096
2521
3095
2017
674
272
392
2056
3839
3233
1684
227
3922
1760
3185
2272
2621
3124
2967
390
768
3405
1447
1284
188
312
2956
3048
1848
3440
1281
2066
1315
2006
180
3527
2619
580
361
3978
1550
3743
289
712
3647
3308
3932
2290
971
3012
701
2993
1228
779
3310
1173
893
1149
1092
622
3104
2761
2531
2943
3677
2083
3909
464
3883
277
1815
3715
2228
3797
3685
1769
1108
1885
1175
3606
1538
2199
3900
3282
1330
3127
70
3505
698
2926
2934
3046
212
3164
3833
83
3076
326
978
1860
3258
2408
3195
3677
378
844
647
3120
3802
2428
1834
724
1323
2196
218
1394
1468
2396
3479
2146
1435
1716
1066
3222
1885
1329
1034
1365
3457
2951
3396
3115
2736
1351
3100
2718
3623
1740
3567
1316
728
1360
2683
1204
3054
2692
2785
3994
1072
2624
3754
175
2984
3927
2920
2119
3876
495
3678
3885
1724
2351
1251
461
117
2970
1058
912
2405
2748
1381
3277
856
3202
3732
1213
2739
3247
345
3344
2007
1035
38
2655
1416
2142
1401
3074
3439
3391
3934
259
60
1254
1173
1426
400
456
2294
2010
2586
4
3570
3219
192
2425
380
441
2273
827
2184
1310
409
2950
2867
3100
3620
1586
2564
1486
3494
2536
1968
479
843
2867
1572
674
2090
1722
1727
2051
3151
3053
925
2494
1945
830
3260
3792
2209
1811
1368
3050
1149
1177
474
3469
2372
123
2705
2354
307
243
1343
2057
495
1503
3703
1701
1195
3704
901
1685
1132
3615
15
982
2827
473
1626
616
2684
1213
273
862
2605
2315
3553
3706
2800
1792
200
2744
572
1543
1776
2953
2097
114
598
3299
923
1897
1360
3383
2521
513
3023
1700
286
3665
3201
3946
184
3458
121
3105
3119
1221
2195
203
3920
2505
1202
1319
3722
2797
2221
807
1849
3826
2602
1860
3522
53
2505
2225
3358
2748
2373
2958
506
2511
630
1566
1085
841
1914
2971
3308
1774
3413
1800
1099
3583
3479
1574
3461
3852
1021
779
302
1642
1370
913
3207
2181
3735
811
2338
728
1337
669
3942
2138
1955
2476
1653
3835
1659
2484
3756
879
3921
89
3595
3754
3037
3839
2229
2349
1448
2174
3130
3968
1103
2512
3699
2849
3843
2189
2510
1499
3732
1114
3787
699
1679
2589
966
2783
3749
2036
1783
2000
1358
1574
3478
849
2734
2809
2434
952
1239
582
1891
3389
2543
2315
686
112
1780
1855
2506
3216
1149
1867
433
601
2
1335
1529
2974
351
547
1748
3320
3061
3511
1013
1181
1201
3708
1523
3348
1521
205
498
2824
1284
808
128
1051
3730
2058
1150
509
796
2106
1312
2045
517
1060
1431
31
3409
73
2444
815
2988
2836
2511
629
2383
3664
3378
714
350
3065
2447
1674
3925
849
1489
73
2501
3188
82
1579
3354
1069
1824
1487
511
2858
3109
1291
2947
2734
935
254
2333
1702
942
1250
302
2334
2917
3553
3015
564
1890
906
3147
588
2665
771
